{"name":"experiment012","numberDesigners":3,"trainingModels":[{"name":"Training #1 (Individual)","couplingMatrix":[[-1,0,0],[0,1,0],[0,0,-1]],"targetVector":[1,1,1],"inputIndices":[[0],[1],[2]],"outputIndices":[[0],[1],[2]],"inputLabels":[Size,Stability,Voltage],"outputLabels":[Delta,Alpha,Epsilon]},{"name":"Training #2 (Individual)","couplingMatrix":[[-1,0,0,0,0,0],[0,1,0,0,0,0],[0,0,1,0,0,0],[0,0,0,-1,0,0],[0,0,0,0,1,0],[0,0,0,0,0,1]],"targetVector":[-0.78755,-0.61625,-0.2657,-0.96406,-0.75535,-0.65533],"inputIndices":[[0,1],[2,3],[4,5]],"outputIndices":[[0,1],[2,3],[4,5]],"inputLabels":[Speed,Torque,Diameter,Flexibility,Volume,Capacity],"outputLabels":[Rho,Gamma,Iota,Psi,Theta,Omicron]},{"name":"Training #3 (Individual)","couplingMatrix":[[-0.90895,-0.41691,0,0,0,0],[-0.41691,0.90895,0,0,0,0],[0,0,-0.79939,-0.60081,0,0],[0,0,-0.60081,0.79939,0,0],[0,0,0,0,-0.95746,-0.28857],[0,0,0,0,-0.28857,0.95746]],"targetVector":[-0.99969,-0.02496,-0.86448,-0.50267,-0.78839,-0.61517],"inputIndices":[[0,1],[2,3],[4,5]],"outputIndices":[[0,1],[2,3],[4,5]],"inputLabels":[Length,Resistance,Power,Shielding,Temperature,Acceleration],"outputLabels":[Omega,Mu,Zeta,Tau,Sigma,Kappa]},{"name":"Training #4 (Team)","couplingMatrix":[[1,0,0],[0,1,0],[0,0,-1]],"targetVector":[-0.26062,-0.44163,-0.85851],"inputIndices":[[0],[1],[2]],"outputIndices":[[2],[0],[1]],"inputLabels":[Stiffness,Insulation,Flux],"outputLabels":[Pi,Beta,Delta]},{"name":"Training #5 (Team)","couplingMatrix":[[-0.23061,0.06618,-0.97079],[-0.58269,-0.80841,0.083306],[-0.77929,0.58488,0.22499]],"targetVector":[-0.42001,-0.18536,-0.88839],"inputIndices":[[0],[1],[2]],"outputIndices":[[0],[1],[2]],"inputLabels":[Mass,Size,Stability],"outputLabels":[Alpha,Epsilon,Rho]}],"experimentModels":[{"name":"Towering Test (Team)","couplingMatrix":[[1,0,0],[0,1,0],[0,0,1]],"targetVector":[-0.74454,-0.65694,-0.11868],"inputIndices":[[0],[1],[2]],"outputIndices":[[2],[0],[1]],"inputLabels":[Length,Resistance,Power],"outputLabels":[Psi,Theta,Omicron]},{"name":"Thinkable Ink (Individual)","couplingMatrix":[[-1,0,0,0,0,0,0,0,0,0,0,0,0,0,0,0,0,0],[0,1,0,0,0,0,0,0,0,0,0,0,0,0,0,0,0,0],[0,0,-1,0,0,0,0,0,0,0,0,0,0,0,0,0,0,0],[0,0,0,-1,0,0,0,0,0,0,0,0,0,0,0,0,0,0],[0,0,0,0,1,0,0,0,0,0,0,0,0,0,0,0,0,0],[0,0,0,0,0,-1,0,0,0,0,0,0,0,0,0,0,0,0],[0,0,0,0,0,0,1,0,0,0,0,0,0,0,0,0,0,0],[0,0,0,0,0,0,0,1,0,0,0,0,0,0,0,0,0,0],[0,0,0,0,0,0,0,0,1,0,0,0,0,0,0,0,0,0],[0,0,0,0,0,0,0,0,0,1,0,0,0,0,0,0,0,0],[0,0,0,0,0,0,0,0,0,0,1,0,0,0,0,0,0,0],[0,0,0,0,0,0,0,0,0,0,0,1,0,0,0,0,0,0],[0,0,0,0,0,0,0,0,0,0,0,0,1,0,0,0,0,0],[0,0,0,0,0,0,0,0,0,0,0,0,0,-1,0,0,0,0],[0,0,0,0,0,0,0,0,0,0,0,0,0,0,-1,0,0,0],[0,0,0,0,0,0,0,0,0,0,0,0,0,0,0,-1,0,0],[0,0,0,0,0,0,0,0,0,0,0,0,0,0,0,0,-1,0],[0,0,0,0,0,0,0,0,0,0,0,0,0,0,0,0,0,-1]],"targetVector":[-0.38043,-0.56715,-0.63101,-0.29923,-0.073304,-0.20131,-0.49131,-0.11962,-0.33304,-0.41256,-0.56001,-0.38676,-0.14466,-0.53687,-0.26027,-0.63159,-0.43621,-0.18419],"inputIndices":[[0,1,2,3,4,5],[6,7,8,9,10,11],[12,13,14,15,16,17]],"outputIndices":[[0,1,2,3,4,5],[6,7,8,9,10,11],[12,13,14,15,16,17]],"inputLabels":[Torque,Diameter,Flexibility,Volume,Capacity,Length,Resistance,Power,Shielding,Temperature,Acceleration,Stiffness,Insulation,Flux,Mass,Size,Stability,Voltage],"outputLabels":[Omicron,Omega,Mu,Zeta,Tau,Sigma,Kappa,Pi,Beta,Delta,Alpha,Epsilon,Rho,Gamma,Iota,Psi,Theta,Omicron]},{"name":"Breezy Rain (Individual)","couplingMatrix":[[-1,0,0,0,0,0,0,0,0],[0,-1,0,0,0,0,0,0,0],[0,0,1,0,0,0,0,0,0],[0,0,0,-1,0,0,0,0,0],[0,0,0,0,-1,0,0,0,0],[0,0,0,0,0,-1,0,0,0],[0,0,0,0,0,0,-1,0,0],[0,0,0,0,0,0,0,1,0],[0,0,0,0,0,0,0,0,-1]],"targetVector":[-0.28713,-0.87874,-0.38127,-0.81488,-0.36908,-0.44693,-0.63021,-0.32688,-0.70426],"inputIndices":[[0,1,2],[3,4,5],[6,7,8]],"outputIndices":[[0,1,2],[3,4,5],[6,7,8]],"inputLabels":[Voltage,Speed,Torque,Diameter,Flexibility,Volume,Capacity,Length,Resistance],"outputLabels":[Gamma,Iota,Psi,Theta,Omicron,Omega,Mu,Zeta,Tau]},{"name":"Husky Verse (Individual)","couplingMatrix":[[-0.99902,-0.044217,0,0,0,0],[-0.044217,0.99902,0,0,0,0],[0,0,-0.68332,-0.73012,0,0],[0,0,-0.73012,0.68332,0,0],[0,0,0,0,-0.76807,-0.64036],[0,0,0,0,-0.64036,0.76807]],"targetVector":[-0.67375,-0.73896,-0.82809,-0.56059,-0.50283,-0.86438],"inputIndices":[[0,1],[2,3],[4,5]],"outputIndices":[[0,1],[2,3],[4,5]],"inputLabels":[Length,Resistance,Power,Shielding,Temperature,Acceleration],"outputLabels":[Pi,Beta,Delta,Alpha,Epsilon,Rho]},{"name":"Hallowed Sign (Individual)","couplingMatrix":[[-0.52953,-0.84829,0,0,0,0],[-0.84829,0.52953,0,0,0,0],[0,0,-0.94345,-0.33152,0,0],[0,0,-0.33152,0.94345,0,0],[0,0,0,0,-0.86431,-0.50295],[0,0,0,0,-0.50295,0.86431]],"targetVector":[-0.30986,-0.95078,-0.1563,-0.98771,-0.81493,-0.57956],"inputIndices":[[0,1],[2,3],[4,5]],"outputIndices":[[0,1],[2,3],[4,5]],"inputLabels":[Speed,Torque,Diameter,Flexibility,Volume,Capacity],"outputLabels":[Omega,Mu,Zeta,Tau,Sigma,Kappa]},{"name":"Arrogant Flame (Team)","couplingMatrix":[[-0.27284,0.49164,-0.82695],[-0.89387,-0.44739,0.028935],[-0.35574,0.74708,0.56153]],"targetVector":[-0.40394,-0.85124,-0.33501],"inputIndices":[[],[0,1],[2]],"outputIndices":[[],[0,1],[2]],"inputLabels":[Mass,Size,Stability],"outputLabels":[Sigma,Kappa,Pi]},{"name":"Better Behavior (Team)","couplingMatrix":[[-0.84444,0.21386,-0.49111],[-0.2032,-0.97621,-0.075695],[-0.49562,0.035877,0.8678]],"targetVector":[-0.58505,-0.4005,-0.70521],"inputIndices":[[0],[],[1,2]],"outputIndices":[[0],[],[1,2]],"inputLabels":[Voltage,Speed,Torque],"outputLabels":[Beta,Delta,Alpha]},{"name":"Befitting Plant (Team)","couplingMatrix":[[-0.62078,-0.44021,0.64873],[-0.506,0.85702,0.097348],[-0.59883,-0.26783,-0.75477]],"targetVector":[-0.47927,-0.65526,-0.58389],"inputIndices":[[0,1],[2],[]],"outputIndices":[[0,1],[2],[]],"inputLabels":[Stiffness,Insulation,Flux],"outputLabels":[Mu,Zeta,Tau]},{"name":"Flat Sleep (Individual)","couplingMatrix":[[-0.75465,0.63526,-0.16414,0,0,0,0,0,0],[-0.53304,-0.73946,-0.41118,0,0,0,0,0,0],[-0.38258,-0.2228,0.89665,0,0,0,0,0,0],[0,0,0,-0.29742,0.9475,0.11741,0,0,0],[0,0,0,-0.74683,-0.15427,-0.64687,0,0,0],[0,0,0,-0.5948,-0.28007,0.75351,0,0,0],[0,0,0,0,0,0,-0.45623,-0.87797,-0.14502],[0,0,0,0,0,0,-0.58743,0.17474,0.79018],[0,0,0,0,0,0,-0.66842,0.44569,-0.59547]],"targetVector":[-0.84022,-0.033346,-0.54122,-0.9372,-0.26305,-0.22904,-0.60057,-0.79842,-0.042842],"inputIndices":[[0,1,2],[3,4,5],[6,7,8]],"outputIndices":[[0,1,2],[3,4,5],[6,7,8]],"inputLabels":[Diameter,Flexibility,Volume,Capacity,Length,Resistance,Power,Shielding,Temperature],"outputLabels":[Sigma,Kappa,Pi,Beta,Delta,Alpha,Epsilon,Rho,Gamma]},{"name":"Chief Government (Individual)","couplingMatrix":[[-1,0,0,0,0,0,0,0,0,0,0,0],[0,-1,0,0,0,0,0,0,0,0,0,0],[0,0,-1,0,0,0,0,0,0,0,0,0],[0,0,0,1,0,0,0,0,0,0,0,0],[0,0,0,0,-1,0,0,0,0,0,0,0],[0,0,0,0,0,-1,0,0,0,0,0,0],[0,0,0,0,0,0,-1,0,0,0,0,0],[0,0,0,0,0,0,0,-1,0,0,0,0],[0,0,0,0,0,0,0,0,1,0,0,0],[0,0,0,0,0,0,0,0,0,-1,0,0],[0,0,0,0,0,0,0,0,0,0,1,0],[0,0,0,0,0,0,0,0,0,0,0,1]],"targetVector":[-0.67796,-0.21656,-0.40179,-0.57623,-0.7601,-0.12559,-0.22468,-0.59666,-0.68948,-0.38589,-0.56171,-0.24534],"inputIndices":[[0,1,2,3],[4,5,6,7],[8,9,10,11]],"outputIndices":[[0,1,2,3],[4,5,6,7],[8,9,10,11]],"inputLabels":[Power,Shielding,Temperature,Acceleration,Stiffness,Insulation,Flux,Mass,Size,Stability,Voltage,Speed],"outputLabels":[Sigma,Kappa,Pi,Beta,Delta,Alpha,Epsilon,Rho,Gamma,Iota,Psi,Theta]},{"name":"Silky Waste (Individual)","couplingMatrix":[[-0.26976,0.29048,0.91286,0.097678,0,0,0,0,0,0,0,0],[-0.67021,-0.22671,-0.050492,-0.70489,0,0,0,0,0,0,0,0],[-0.53499,0.66738,-0.40502,0.32303,0,0,0,0,0,0,0,0],[-0.43799,-0.64717,0.009742,0.62389,0,0,0,0,0,0,0,0],[0,0,0,0,-0.37772,0.83001,0.19094,-0.36326,0,0,0,0],[0,0,0,0,-0.41797,-0.28301,0.83317,0.2259,0,0,0,0],[0,0,0,0,-0.65847,-0.44111,-0.34357,-0.50378,0,0,0,0],[0,0,0,0,-0.49904,0.19084,-0.389,0.75047,0,0,0,0],[0,0,0,0,0,0,0,0,-0.57553,0.55655,-0.56311,-0.20476],[0,0,0,0,0,0,0,0,-0.41371,0.38193,0.58982,0.57887],[0,0,0,0,0,0,0,0,-0.53331,-0.32223,0.45732,-0.63451],[0,0,0,0,0,0,0,0,-0.46172,-0.66374,-0.35479,0.46945]],"targetVector":[-0.54389,-0.29623,-0.71582,-0.32255,-0.044087,-0.36436,-0.76412,-0.53049,-0.35516,-0.10106,-0.80015,-0.47266],"inputIndices":[[0,1,2,3],[4,5,6,7],[8,9,10,11]],"outputIndices":[[0,1,2,3],[4,5,6,7],[8,9,10,11]],"inputLabels":[Volume,Capacity,Length,Resistance,Power,Shielding,Temperature,Acceleration,Stiffness,Insulation,Flux,Mass],"outputLabels":[Delta,Alpha,Epsilon,Rho,Gamma,Iota,Psi,Theta,Omicron,Omega,Mu,Zeta]},{"name":"Alert Burst (Team)","couplingMatrix":[[1,0,0],[0,1,0],[0,0,-1]],"targetVector":[-0.13512,-0.26843,-0.95378],"inputIndices":[[0],[1],[2]],"outputIndices":[[2],[1],[0]],"inputLabels":[Shielding,Temperature,Acceleration],"outputLabels":[Theta,Omicron,Omega]},{"name":"Noiseless Stone (Team)","couplingMatrix":[[-0.50728,-0.73573,-0.44464,-0.060457],[-0.43581,-0.11316,0.75027,-0.48411],[-0.40411,0.014694,0.32025,0.85669],[-0.62404,0.66759,-0.3699,-0.16754]],"targetVector":[-0.4306,-0.49816,-0.60195,-0.45174],"inputIndices":[[0,1],[2],[3]],"outputIndices":[[0,1],[2],[3]],"inputLabels":[Diameter,Flexibility,Volume,Capacity],"outputLabels":[Gamma,Iota,Psi,Theta]},{"name":"Wide Growth (Team)","couplingMatrix":[[-1,0,0,0,0,0],[0,1,0,0,0,0],[0,0,1,0,0,0],[0,0,0,1,0,0],[0,0,0,0,1,0],[0,0,0,0,0,1]],"targetVector":[-0.47283,-0.27178,-0.29401,-0.25326,-0.53053,-0.52012],"inputIndices":[[0,1],[2,3],[4,5]],"outputIndices":[[2,4],[0,5],[1,3]],"inputLabels":[Stiffness,Insulation,Flux,Mass,Size,Stability],"outputLabels":[Tau,Sigma,Kappa,Pi,Beta,Delta]},{"name":"Brainy Damage (Individual)","couplingMatrix":[[-0.44428,-0.27833,0.84535,0.10266,0,0,0,0,0,0,0,0],[-0.65694,-0.49058,-0.46648,-0.33189,0,0,0,0,0,0,0,0],[-0.48122,0.81254,0.054031,-0.32448,0,0,0,0,0,0,0,0],[-0.37347,0.14709,-0.25469,0.87978,0,0,0,0,0,0,0,0],[0,0,0,0,-0.50763,0.62214,0.44719,-0.39405,0,0,0,0],[0,0,0,0,-0.45024,-0.35481,0.53181,0.62336,0,0,0,0],[0,0,0,0,-0.60983,-0.54697,-0.33896,-0.46263,0,0,0,0],[0,0,0,0,-0.4095,0.43344,-0.63428,0.49206,0,0,0,0],[0,0,0,0,0,0,0,0,-0.56827,0.57349,-0.36084,-0.46687],[0,0,0,0,0,0,0,0,-0.45932,-0.77147,-0.43739,-0.050519],[0,0,0,0,0,0,0,0,-0.62426,0.14839,0.31295,0.70024],[0,0,0,0,0,0,0,0,-0.27639,-0.23221,0.76194,-0.53772]],"targetVector":[-0.44931,-0.38786,-0.63362,-0.4962,-0.61075,-0.25048,-0.15705,-0.73456,-0.70127,-0.47959,-0.035997,-0.52623],"inputIndices":[[0,1,2,3],[4,5,6,7],[8,9,10,11]],"outputIndices":[[0,1,2,3],[4,5,6,7],[8,9,10,11]],"inputLabels":[Acceleration,Stiffness,Insulation,Flux,Mass,Size,Stability,Voltage,Speed,Torque,Diameter,Flexibility],"outputLabels":[Iota,Psi,Theta,Omicron,Omega,Mu,Zeta,Tau,Sigma,Kappa,Pi,Beta]},{"name":"Onerous Effect (Team)","couplingMatrix":[[1,0,0],[0,-1,0],[0,0,1]],"targetVector":[-0.21212,-0.65088,-0.72894],"inputIndices":[[0],[1],[2]],"outputIndices":[[1],[0],[2]],"inputLabels":[Flexibility,Volume,Capacity],"outputLabels":[Alpha,Epsilon,Rho]},{"name":"Hard Development (Team)","couplingMatrix":[[-1,0,0],[0,1,0],[0,0,1]],"targetVector":[-0.66355,-0.73443,-0.14254],"inputIndices":[[0],[1],[2]],"outputIndices":[[0],[2],[1]],"inputLabels":[Length,Resistance,Power],"outputLabels":[Gamma,Iota,Psi]},{"name":"Wistful Act (Team)","couplingMatrix":[[-0.90117,-0.43347],[-0.43347,0.90117]],"targetVector":[-0.012515,-0.99992],"inputIndices":[[],[0],[1]],"outputIndices":[[],[0],[1]],"inputLabels":[Voltage,Speed],"outputLabels":[Kappa,Pi]},{"name":"Economic Motion (Team)","couplingMatrix":[[-0.59445,0.7,0.39577],[-0.66229,-0.14706,-0.73468],[-0.45607,-0.69884,0.55102]],"targetVector":[-0.49149,-0.58451,-0.64559],"inputIndices":[[0],[1],[2]],"outputIndices":[[0],[1],[2]],"inputLabels":[Voltage,Speed,Torque],"outputLabels":[Alpha,Epsilon,Rho]},{"name":"Staking System (Team)","couplingMatrix":[[1,0,0],[0,1,0],[0,0,-1]],"targetVector":[-0.57423,-0.64341,-0.50625],"inputIndices":[[0],[1],[2]],"outputIndices":[[1],[2],[0]],"inputLabels":[Shielding,Temperature,Acceleration],"outputLabels":[Omega,Mu,Zeta]},{"name":"Unwritten Experience (Team)","couplingMatrix":[[-0.87871,-0.47736],[-0.47736,0.87871]],"targetVector":[-0.71067,-0.70352],"inputIndices":[[0],[],[1]],"outputIndices":[[0],[],[1]],"inputLabels":[Torque,Diameter],"outputLabels":[Beta,Delta]},{"name":"Statuesque Name (Individual)","couplingMatrix":[[-0.41308,0.85846,0.304,0,0,0,0,0,0],[-0.46841,0.085991,-0.87932,0,0,0,0,0,0],[-0.781,-0.50562,0.36659,0,0,0,0,0,0],[0,0,0,-0.87565,0.40721,0.25965,0,0,0],[0,0,0,-0.40162,-0.3154,-0.85978,0,0,0],[0,0,0,-0.26822,-0.85715,0.43973,0,0,0],[0,0,0,0,0,0,-0.67079,-0.14483,0.72737],[0,0,0,0,0,0,-0.33335,0.93497,-0.12126],[0,0,0,0,0,0,-0.66251,-0.32381,-0.67545]],"targetVector":[-0.44432,-0.80962,-0.38353,-0.68125,-0.55527,-0.47705,-0.87029,-0.10599,-0.481],"inputIndices":[[0,1,2],[3,4,5],[6,7,8]],"outputIndices":[[0,1,2],[3,4,5],[6,7,8]],"inputLabels":[Stiffness,Insulation,Flux,Mass,Size,Stability,Voltage,Speed,Torque],"outputLabels":[Gamma,Iota,Psi,Theta,Omicron,Omega,Mu,Zeta,Tau]},{"name":"Absorbed Copper (Team)","couplingMatrix":[[-0.6555,0.2028,0.33282,-0.64685],[-0.55837,-0.4662,0.34133,0.5953],[-0.28575,-0.54068,-0.74595,-0.26374],[-0.42058,0.67022,-0.46506,0.39704]],"targetVector":[-0.71375,-0.27415,-0.16676,-0.62257],"inputIndices":[[0,1],[2,3],[]],"outputIndices":[[0,1],[2,3],[]],"inputLabels":[Diameter,Flexibility,Volume,Capacity],"outputLabels":[Epsilon,Rho,Gamma,Iota]},{"name":"Murky Mass (Team)","couplingMatrix":[[-0.71501,-0.69912],[-0.69912,0.71501]],"targetVector":[-0.65439,-0.75616],"inputIndices":[[0],[1],[]],"outputIndices":[[0],[1],[]],"inputLabels":[Size,Stability],"outputLabels":[Tau,Sigma]}]}