{"name":"experiment011","numberDesigners":3,"trainingModels":[{"name":"Training #1 (Individual)","couplingMatrix":[[1,0,0],[0,-1,0],[0,0,-1]],"targetVector":[1,1,1],"inputIndices":[[0],[1],[2]],"outputIndices":[[0],[1],[2]],"inputLabels":[Size,Stability,Voltage],"outputLabels":[Delta,Alpha,Epsilon]},{"name":"Training #2 (Individual)","couplingMatrix":[[-1,0,0,0,0,0],[0,1,0,0,0,0],[0,0,1,0,0,0],[0,0,0,1,0,0],[0,0,0,0,-1,0],[0,0,0,0,0,1]],"targetVector":[-0.74646,-0.66543,-0.78466,-0.61992,-0.66765,-0.74448],"inputIndices":[[0,1],[2,3],[4,5]],"outputIndices":[[0,1],[2,3],[4,5]],"inputLabels":[Speed,Torque,Diameter,Flexibility,Volume,Capacity],"outputLabels":[Rho,Gamma,Iota,Psi,Theta,Omicron]},{"name":"Training #3 (Individual)","couplingMatrix":[[-0.38745,-0.92189,0,0,0,0],[-0.92189,0.38745,0,0,0,0],[0,0,-0.654,-0.7565,0,0],[0,0,-0.7565,0.654,0,0],[0,0,0,0,-0.96757,-0.25261],[0,0,0,0,-0.25261,0.96757]],"targetVector":[-0.93465,-0.35558,-0.90985,-0.41493,-0.134,-0.99098],"inputIndices":[[0,1],[2,3],[4,5]],"outputIndices":[[0,1],[2,3],[4,5]],"inputLabels":[Length,Resistance,Power,Shielding,Temperature,Acceleration],"outputLabels":[Omega,Mu,Zeta,Tau,Sigma,Kappa]},{"name":"Training #4 (Team)","couplingMatrix":[[-1,0,0],[0,-1,0],[0,0,-1]],"targetVector":[-0.7628,-0.40802,-0.50166],"inputIndices":[[0],[1],[2]],"outputIndices":[[2],[0],[1]],"inputLabels":[Stiffness,Insulation,Flux],"outputLabels":[Pi,Beta,Delta]},{"name":"Training #5 (Team)","couplingMatrix":[[-0.55061,0.80521,-0.22014],[-0.41571,-0.49318,-0.76417],[-0.72389,-0.32925,0.60628]],"targetVector":[-0.94842,-0.049537,-0.31312],"inputIndices":[[0],[1],[2]],"outputIndices":[[0],[1],[2]],"inputLabels":[Mass,Size,Stability],"outputLabels":[Alpha,Epsilon,Rho]}],"experimentModels":[{"name":"Husky Verse (Individual)","couplingMatrix":[[-0.21187,-0.9773,0,0,0,0],[-0.9773,0.21187,0,0,0,0],[0,0,-0.5358,-0.84435,0,0],[0,0,-0.84435,0.5358,0,0],[0,0,0,0,-0.84556,-0.53388],[0,0,0,0,-0.53388,0.84556]],"targetVector":[-0.58101,-0.81389,-0.48756,-0.87309,-0.76958,-0.63855],"inputIndices":[[0,1],[2,3],[4,5]],"outputIndices":[[0,1],[2,3],[4,5]],"inputLabels":[Length,Resistance,Power,Shielding,Temperature,Acceleration],"outputLabels":[Pi,Beta,Delta,Alpha,Epsilon,Rho]},{"name":"Wide Growth (Team)","couplingMatrix":[[1,0,0,0,0,0],[0,-1,0,0,0,0],[0,0,-1,0,0,0],[0,0,0,1,0,0],[0,0,0,0,-1,0],[0,0,0,0,0,1]],"targetVector":[-0.39617,-0.43097,-0.25022,-0.43665,-0.61139,-0.1739],"inputIndices":[[0,1],[2,3],[4,5]],"outputIndices":[[2,4],[0,5],[1,3]],"inputLabels":[Stiffness,Insulation,Flux,Mass,Size,Stability],"outputLabels":[Tau,Sigma,Kappa,Pi,Beta,Delta]},{"name":"Towering Test (Team)","couplingMatrix":[[-1,0,0],[0,1,0],[0,0,1]],"targetVector":[-0.070507,-0.95126,-0.30022],"inputIndices":[[0],[1],[2]],"outputIndices":[[2],[0],[1]],"inputLabels":[Length,Resistance,Power],"outputLabels":[Psi,Theta,Omicron]},{"name":"Breezy Rain (Individual)","couplingMatrix":[[-1,0,0,0,0,0,0,0,0],[0,-1,0,0,0,0,0,0,0],[0,0,-1,0,0,0,0,0,0],[0,0,0,1,0,0,0,0,0],[0,0,0,0,1,0,0,0,0],[0,0,0,0,0,-1,0,0,0],[0,0,0,0,0,0,-1,0,0],[0,0,0,0,0,0,0,1,0],[0,0,0,0,0,0,0,0,-1]],"targetVector":[-0.18008,-0.4929,-0.85124,-0.5602,-0.60265,-0.56832,-0.51092,-0.47474,-0.71665],"inputIndices":[[0,1,2],[3,4,5],[6,7,8]],"outputIndices":[[0,1,2],[3,4,5],[6,7,8]],"inputLabels":[Voltage,Speed,Torque,Diameter,Flexibility,Volume,Capacity,Length,Resistance],"outputLabels":[Gamma,Iota,Psi,Theta,Omicron,Omega,Mu,Zeta,Tau]},{"name":"Thinkable Ink (Individual)","couplingMatrix":[[-1,0,0,0,0,0,0,0,0,0,0,0,0,0,0,0,0,0],[0,-1,0,0,0,0,0,0,0,0,0,0,0,0,0,0,0,0],[0,0,-1,0,0,0,0,0,0,0,0,0,0,0,0,0,0,0],[0,0,0,-1,0,0,0,0,0,0,0,0,0,0,0,0,0,0],[0,0,0,0,-1,0,0,0,0,0,0,0,0,0,0,0,0,0],[0,0,0,0,0,-1,0,0,0,0,0,0,0,0,0,0,0,0],[0,0,0,0,0,0,1,0,0,0,0,0,0,0,0,0,0,0],[0,0,0,0,0,0,0,-1,0,0,0,0,0,0,0,0,0,0],[0,0,0,0,0,0,0,0,1,0,0,0,0,0,0,0,0,0],[0,0,0,0,0,0,0,0,0,-1,0,0,0,0,0,0,0,0],[0,0,0,0,0,0,0,0,0,0,1,0,0,0,0,0,0,0],[0,0,0,0,0,0,0,0,0,0,0,1,0,0,0,0,0,0],[0,0,0,0,0,0,0,0,0,0,0,0,-1,0,0,0,0,0],[0,0,0,0,0,0,0,0,0,0,0,0,0,1,0,0,0,0],[0,0,0,0,0,0,0,0,0,0,0,0,0,0,1,0,0,0],[0,0,0,0,0,0,0,0,0,0,0,0,0,0,0,1,0,0],[0,0,0,0,0,0,0,0,0,0,0,0,0,0,0,0,-1,0],[0,0,0,0,0,0,0,0,0,0,0,0,0,0,0,0,0,1]],"targetVector":[-0.51327,-0.22857,-0.25621,-0.12369,-0.30852,-0.71287,-0.29856,-0.1582,-0.81634,-0.39577,-0.10267,-0.22859,-0.48303,-0.086248,-0.58053,-0.49652,-0.20254,-0.36698],"inputIndices":[[0,1,2,3,4,5],[6,7,8,9,10,11],[12,13,14,15,16,17]],"outputIndices":[[0,1,2,3,4,5],[6,7,8,9,10,11],[12,13,14,15,16,17]],"inputLabels":[Torque,Diameter,Flexibility,Volume,Capacity,Length,Resistance,Power,Shielding,Temperature,Acceleration,Stiffness,Insulation,Flux,Mass,Size,Stability,Voltage],"outputLabels":[Omicron,Omega,Mu,Zeta,Tau,Sigma,Kappa,Pi,Beta,Delta,Alpha,Epsilon,Rho,Gamma,Iota,Psi,Theta,Omicron]},{"name":"Hallowed Sign (Individual)","couplingMatrix":[[0.44921,0.89343,0,0,0,0],[0.89343,-0.44921,0,0,0,0],[0,0,-0.55117,-0.83439,0,0],[0,0,-0.83439,0.55117,0,0],[0,0,0,0,-0.69639,-0.71767],[0,0,0,0,-0.71767,0.69639]],"targetVector":[-0.34653,-0.93804,-0.62222,-0.78284,-0.84379,-0.53668],"inputIndices":[[0,1],[2,3],[4,5]],"outputIndices":[[0,1],[2,3],[4,5]],"inputLabels":[Speed,Torque,Diameter,Flexibility,Volume,Capacity],"outputLabels":[Omega,Mu,Zeta,Tau,Sigma,Kappa]},{"name":"Arrogant Flame (Team)","couplingMatrix":[[-0.62709,-0.25746,-0.73517],[-0.60842,-0.42745,0.66866],[-0.4864,0.8666,0.11141]],"targetVector":[-0.3576,-0.93378,-0.013134],"inputIndices":[[],[0,1],[2]],"outputIndices":[[],[0,1],[2]],"inputLabels":[Mass,Size,Stability],"outputLabels":[Sigma,Kappa,Pi]},{"name":"Better Behavior (Team)","couplingMatrix":[[-0.21923,-0.27337,-0.93659],[-0.73776,-0.58174,0.34249],[-0.63848,0.76606,-0.074147]],"targetVector":[-0.66726,-0.50803,-0.54467],"inputIndices":[[0],[],[1,2]],"outputIndices":[[0],[],[1,2]],"inputLabels":[Voltage,Speed,Torque],"outputLabels":[Beta,Delta,Alpha]},{"name":"Wistful Act (Team)","couplingMatrix":[[-0.90405,-0.42743],[-0.42743,0.90405]],"targetVector":[-0.43385,-0.90098],"inputIndices":[[],[0],[1]],"outputIndices":[[],[0],[1]],"inputLabels":[Voltage,Speed],"outputLabels":[Kappa,Pi]},{"name":"Murky Mass (Team)","couplingMatrix":[[-0.22482,-0.9744],[-0.9744,0.22482]],"targetVector":[-0.67041,-0.74199],"inputIndices":[[0],[1],[]],"outputIndices":[[0],[1],[]],"inputLabels":[Size,Stability],"outputLabels":[Tau,Sigma]},{"name":"Chief Government (Individual)","couplingMatrix":[[-1,0,0,0,0,0,0,0,0,0,0,0],[0,-1,0,0,0,0,0,0,0,0,0,0],[0,0,-1,0,0,0,0,0,0,0,0,0],[0,0,0,-1,0,0,0,0,0,0,0,0],[0,0,0,0,-1,0,0,0,0,0,0,0],[0,0,0,0,0,1,0,0,0,0,0,0],[0,0,0,0,0,0,1,0,0,0,0,0],[0,0,0,0,0,0,0,-1,0,0,0,0],[0,0,0,0,0,0,0,0,1,0,0,0],[0,0,0,0,0,0,0,0,0,1,0,0],[0,0,0,0,0,0,0,0,0,0,-1,0],[0,0,0,0,0,0,0,0,0,0,0,-1]],"targetVector":[-0.57296,-0.54807,-0.075434,-0.60469,-0.29123,-0.72751,-0.15451,-0.6017,-0.63728,-0.46931,-0.5919,-0.1526],"inputIndices":[[0,1,2,3],[4,5,6,7],[8,9,10,11]],"outputIndices":[[0,1,2,3],[4,5,6,7],[8,9,10,11]],"inputLabels":[Power,Shielding,Temperature,Acceleration,Stiffness,Insulation,Flux,Mass,Size,Stability,Voltage,Speed],"outputLabels":[Sigma,Kappa,Pi,Beta,Delta,Alpha,Epsilon,Rho,Gamma,Iota,Psi,Theta]},{"name":"Brainy Damage (Individual)","couplingMatrix":[[-0.64672,-0.61224,-0.041098,0.45301,0,0,0,0,0,0,0,0],[-0.39973,0.64099,-0.60958,0.24034,0,0,0,0,0,0,0,0],[-0.38898,-0.19948,-0.29031,-0.85125,0,0,0,0,0,0,0,0],[-0.52025,0.41773,0.73651,-0.11134,0,0,0,0,0,0,0,0],[0,0,0,0,-0.21342,0.050926,0.97131,0.0917,0,0,0,0],[0,0,0,0,-0.58038,-0.61388,-0.045001,-0.53318,0,0,0,0],[0,0,0,0,-0.45351,0.78754,-0.10276,-0.40442,0,0,0,0],[0,0,0,0,-0.64182,-0.018284,-0.20968,0.7374,0,0,0,0],[0,0,0,0,0,0,0,0,-0.69392,0.37776,0.59866,-0.13183],[0,0,0,0,0,0,0,0,-0.348,-0.31417,-0.38065,-0.79706],[0,0,0,0,0,0,0,0,-0.48256,0.35269,-0.69321,0.40274],[0,0,0,0,0,0,0,0,-0.40558,-0.79637,0.12714,0.43026]],"targetVector":[-0.19267,-0.56855,-0.74368,-0.29422,-0.67422,-0.43274,-0.10581,-0.58904,-0.2476,-0.77289,-0.25406,-0.5261],"inputIndices":[[0,1,2,3],[4,5,6,7],[8,9,10,11]],"outputIndices":[[0,1,2,3],[4,5,6,7],[8,9,10,11]],"inputLabels":[Acceleration,Stiffness,Insulation,Flux,Mass,Size,Stability,Voltage,Speed,Torque,Diameter,Flexibility],"outputLabels":[Iota,Psi,Theta,Omicron,Omega,Mu,Zeta,Tau,Sigma,Kappa,Pi,Beta]},{"name":"Onerous Effect (Team)","couplingMatrix":[[-1,0,0],[0,-1,0],[0,0,1]],"targetVector":[-0.11069,-0.80648,-0.5808],"inputIndices":[[0],[1],[2]],"outputIndices":[[1],[0],[2]],"inputLabels":[Flexibility,Volume,Capacity],"outputLabels":[Alpha,Epsilon,Rho]},{"name":"Flat Sleep (Individual)","couplingMatrix":[[-0.50946,-0.71765,-0.4748,0,0,0,0,0,0],[-0.55211,-0.1506,0.82005,0,0,0,0,0,0],[-0.66002,0.67992,-0.3195,0,0,0,0,0,0],[0,0,0,-0.3749,0.90903,0.18194,0,0,0],[0,0,0,-0.6553,-0.12102,-0.74561,0,0,0],[0,0,0,-0.65576,-0.39876,0.64106,0,0,0],[0,0,0,0,0,0,-0.78545,-0.47453,-0.39736],[0,0,0,0,0,0,-0.33809,-0.20881,0.91765],[0,0,0,0,0,0,-0.51843,0.85512,0.0035742]],"targetVector":[-0.40282,-0.347,-0.84695,-0.66226,-0.43816,-0.6078,-0.62619,-0.43066,-0.64994],"inputIndices":[[0,1,2],[3,4,5],[6,7,8]],"outputIndices":[[0,1,2],[3,4,5],[6,7,8]],"inputLabels":[Diameter,Flexibility,Volume,Capacity,Length,Resistance,Power,Shielding,Temperature],"outputLabels":[Sigma,Kappa,Pi,Beta,Delta,Alpha,Epsilon,Rho,Gamma]},{"name":"Silky Waste (Individual)","couplingMatrix":[[-0.32231,-0.039839,0.94022,0.10253,0,0,0,0,0,0,0,0],[-0.19816,-0.88139,-0.058956,-0.42475,0,0,0,0,0,0,0,0],[-0.5142,0.46583,-0.078468,-0.71585,0,0,0,0,0,0,0,0],[-0.76971,-0.067605,-0.32612,0.54464,0,0,0,0,0,0,0,0],[0,0,0,0,-0.44987,-0.27278,0.84371,0.10662,0,0,0,0],[0,0,0,0,-0.44347,0.63521,0.048584,-0.63046,0,0,0,0],[0,0,0,0,-0.59902,0.28131,-0.31445,0.68056,0,0,0,0],[0,0,0,0,-0.49206,-0.66555,-0.43234,-0.35776,0,0,0,0],[0,0,0,0,0,0,0,0,-0.47138,-0.096085,-0.86777,0.12472],[0,0,0,0,0,0,0,0,-0.4485,-0.29286,0.1568,-0.82975],[0,0,0,0,0,0,0,0,-0.60423,-0.37363,0.44765,0.54307],[0,0,0,0,0,0,0,0,-0.45995,0.87487,0.14836,-0.032137]],"targetVector":[-0.059849,-0.93664,-0.09215,-0.33261,-0.65966,-0.0091062,-0.12477,-0.74108,-0.18215,-0.61688,-0.40555,-0.64947],"inputIndices":[[0,1,2,3],[4,5,6,7],[8,9,10,11]],"outputIndices":[[0,1,2,3],[4,5,6,7],[8,9,10,11]],"inputLabels":[Volume,Capacity,Length,Resistance,Power,Shielding,Temperature,Acceleration,Stiffness,Insulation,Flux,Mass],"outputLabels":[Delta,Alpha,Epsilon,Rho,Gamma,Iota,Psi,Theta,Omicron,Omega,Mu,Zeta]},{"name":"Alert Burst (Team)","couplingMatrix":[[-1,0,0],[0,1,0],[0,0,-1]],"targetVector":[-0.90288,-0.42268,-0.078426],"inputIndices":[[0],[1],[2]],"outputIndices":[[2],[1],[0]],"inputLabels":[Shielding,Temperature,Acceleration],"outputLabels":[Theta,Omicron,Omega]},{"name":"Absorbed Copper (Team)","couplingMatrix":[[-0.54502,-0.27085,-0.17413,-0.77413],[-0.48882,0.45748,0.74261,0.017045],[-0.3038,-0.80122,0.28373,0.4304],[-0.60968,0.27458,-0.58112,0.46389]],"targetVector":[-0.12425,-0.63851,-0.64288,-0.40443],"inputIndices":[[0,1],[2,3],[]],"outputIndices":[[0,1],[2,3],[]],"inputLabels":[Diameter,Flexibility,Volume,Capacity],"outputLabels":[Epsilon,Rho,Gamma,Iota]},{"name":"Noiseless Stone (Team)","couplingMatrix":[[-0.67391,0.37061,-0.56525,-0.2983],[-0.26331,-0.29205,0.52191,-0.75696],[-0.37687,-0.84498,-0.25363,0.28223],[-0.57834,0.25173,0.58632,0.50831]],"targetVector":[-0.52728,-0.19018,-0.46335,-0.68638],"inputIndices":[[0,1],[2],[3]],"outputIndices":[[0,1],[2],[3]],"inputLabels":[Diameter,Flexibility,Volume,Capacity],"outputLabels":[Gamma,Iota,Psi,Theta]},{"name":"Hard Development (Team)","couplingMatrix":[[-1,0,0],[0,1,0],[0,0,1]],"targetVector":[-0.72112,-0.66921,-0.17928],"inputIndices":[[0],[1],[2]],"outputIndices":[[0],[2],[1]],"inputLabels":[Length,Resistance,Power],"outputLabels":[Gamma,Iota,Psi]},{"name":"Befitting Plant (Team)","couplingMatrix":[[-0.59629,0.22067,-0.77184],[-0.66205,-0.67894,0.31736],[-0.45401,0.70024,0.55094]],"targetVector":[-0.07015,-0.99378,-0.086466],"inputIndices":[[0,1],[2],[]],"outputIndices":[[0,1],[2],[]],"inputLabels":[Stiffness,Insulation,Flux],"outputLabels":[Mu,Zeta,Tau]},{"name":"Staking System (Team)","couplingMatrix":[[1,0,0],[0,-1,0],[0,0,1]],"targetVector":[-0.63593,-0.7356,-0.23344],"inputIndices":[[0],[1],[2]],"outputIndices":[[1],[2],[0]],"inputLabels":[Shielding,Temperature,Acceleration],"outputLabels":[Omega,Mu,Zeta]},{"name":"Statuesque Name (Individual)","couplingMatrix":[[-0.73432,0.13412,0.66542,0,0,0,0,0,0],[-0.46931,0.60793,-0.64044,0,0,0,0,0,0],[-0.49043,-0.78258,-0.38347,0,0,0,0,0,0],[0,0,0,-0.53523,0.21068,0.81801,0,0,0],[0,0,0,-0.7415,0.34667,-0.57446,0,0,0],[0,0,0,-0.40461,-0.91402,-0.029326,0,0,0],[0,0,0,0,0,0,-0.7431,0.35923,-0.56458],[0,0,0,0,0,0,-0.64807,-0.59659,0.47338],[0,0,0,0,0,0,-0.16677,0.71765,0.67614]],"targetVector":[-0.24546,-0.6293,-0.73738,-0.46526,-0.84664,-0.25833,-0.4458,-0.71824,-0.53422],"inputIndices":[[0,1,2],[3,4,5],[6,7,8]],"outputIndices":[[0,1,2],[3,4,5],[6,7,8]],"inputLabels":[Stiffness,Insulation,Flux,Mass,Size,Stability,Voltage,Speed,Torque],"outputLabels":[Gamma,Iota,Psi,Theta,Omicron,Omega,Mu,Zeta,Tau]},{"name":"Economic Motion (Team)","couplingMatrix":[[-0.5287,-0.81313,0.24348],[-0.34722,0.46894,0.81211],[-0.77454,0.34482,-0.53027]],"targetVector":[-0.5776,-0.81236,-0.080358],"inputIndices":[[0],[1],[2]],"outputIndices":[[0],[1],[2]],"inputLabels":[Voltage,Speed,Torque],"outputLabels":[Alpha,Epsilon,Rho]},{"name":"Unwritten Experience (Team)","couplingMatrix":[[0.32252,0.94656],[0.94656,-0.32252]],"targetVector":[-0.72733,-0.68628],"inputIndices":[[0],[],[1]],"outputIndices":[[0],[],[1]],"inputLabels":[Torque,Diameter],"outputLabels":[Beta,Delta]}]}